004_CB_ATP  	0.000000	0.243131	0.237027	0.228022	0.264470	0.263906	0.263947	0.265937	0.266214	0.266407	0.274771	0.267170	0.264290	0.264633	0.264293	0.263805	0.263551	0.265908	0.265045	0.264890	0.264638	0.264953	0.265171	0.265700	0.266964	0.266288	0.267647	0.267148	0.264047	0.264573	0.266228	0.266282	0.266753	0.266338	0.265399	0.266015	0.265557	0.266652	0.266609	0.266022	0.265975	0.265743	0.265497	0.266448	0.265779	0.266365	0.267265	0.267551	0.262956	0.265094	0.264921	0.263791	0.268613	0.266628	0.266806	0.269549	0.242224	0.241485	0.241845	0.269136	0.269559	0.265660	0.269205	0.269344	0.269434	0.269661	0.273001	0.268948	0.269765	0.270297	0.269284	0.269259	0.269444	0.269276	0.269147	0.269483	0.269418	0.269440	0.269068	0.264692	0.264792	0.254550	0.248387	0.248311	0.265900	0.265350	0.266918	0.266696	0.265734	0.267450	0.266768	0.248568	0.248164	0.247970	0.247944	0.244572	0.244885	0.244963	0.239265	0.239498	0.254116	0.239073	0.244658	0.243673	0.245358	0.243929	0.244429	0.244557	0.244698	0.244323	0.244846	0.244579	0.244512	0.242816	0.244348	0.244841	0.243963	0.239509	0.239125	0.239617	0.254973	0.255737	0.240940	0.244397	0.244369	0.243896	0.243892	0.241850	0.243944	0.251310	0.255732	0.256410	0.256171	0.246253	0.246338	0.246917	0.246748	0.247797	0.244620	0.244907	0.244387	0.242203	0.244571	0.264835	0.260844	0.248412	0.247963	0.264416	0.261889	0.264933	0.258380	0.248118	0.244761	0.244873	0.245401	0.244284	0.263624	0.246193	0.246609	0.246031	0.242814	0.245911	0.245123	0.246836	0.245912	0.253534	0.257488	0.257741	0.256304	0.253558	0.263168	0.269780	0.258852	0.247068	0.248104	0.264333	0.251041	0.248584	0.266561	0.262871	0.263997	0.262669	0.244955	0.267562	0.266376	0.267233	0.267187	0.266384	0.267306	0.267309	0.268621	0.267568	0.266897	0.267130	0.267940	0.266443	0.267701	0.266101	0.267601	0.267632	0.269299	0.267300
005_CB_ORW  	0.243131	0.000000	0.243555	0.244305	0.269626	0.269180	0.268602	0.270949	0.270649	0.271597	0.278975	0.271877	0.268855	0.269277	0.268778	0.268562	0.268493	0.270796	0.270204	0.269882	0.269428	0.270183	0.269942	0.270655	0.272061	0.271555	0.272751	0.271888	0.269071	0.269339	0.271348	0.271262	0.271695	0.271890	0.270279	0.271287	0.271051	0.271568	0.271467	0.270843	0.270587	0.270469	0.270492	0.270797	0.270921	0.271354	0.272419	0.272691	0.267628	0.269287	0.269915	0.268712	0.273384	0.271077	0.271379	0.274068	0.223879	0.227549	0.225651	0.274132	0.274811	0.270860	0.274221	0.273864	0.274275	0.274518	0.277334	0.273138	0.274698	0.275427	0.274033	0.273868	0.273957	0.274147	0.274113	0.274359	0.274479	0.273930	0.273943	0.269894	0.269136	0.257844	0.250274	0.249768	0.270152	0.270047	0.272304	0.271130	0.270469	0.272132	0.271504	0.251730	0.251585	0.250994	0.250902	0.245510	0.245661	0.246033	0.248565	0.247686	0.259295	0.247439	0.244582	0.244560	0.246105	0.245684	0.244965	0.245761	0.246139	0.245105	0.244919	0.245429	0.244839	0.240681	0.244751	0.245665	0.244161	0.248138	0.248369	0.247961	0.260961	0.261029	0.250099	0.245569	0.245306	0.244641	0.243882	0.243083	0.244198	0.252217	0.260168	0.260450	0.260183	0.247973	0.247886	0.246821	0.248023	0.248339	0.246149	0.245934	0.246452	0.243626	0.245604	0.269213	0.266110	0.250434	0.249827	0.269530	0.266376	0.269855	0.262362	0.250674	0.246484	0.246358	0.246501	0.245021	0.268497	0.247168	0.247413	0.246195	0.242986	0.246488	0.246379	0.246723	0.247420	0.257264	0.261209	0.261965	0.259992	0.257150	0.267975	0.274469	0.263210	0.246924	0.249895	0.268935	0.253397	0.250676	0.270907	0.268062	0.268466	0.267011	0.246126	0.272397	0.271400	0.271835	0.272038	0.271883	0.272296	0.272193	0.272783	0.272392	0.272110	0.271527	0.273002	0.271417	0.272539	0.270960	0.272548	0.272680	0.274061	0.271240
006_CB_ATP  	0.237027	0.243555	0.000000	0.237030	0.265127	0.265388	0.264164	0.266826	0.267008	0.267284	0.275270	0.267396	0.264766	0.265211	0.264609	0.264275	0.263658	0.266208	0.265219	0.265314	0.265368	0.265388	0.265424	0.266234	0.267541	0.267222	0.268441	0.267813	0.264887	0.265156	0.267077	0.267140	0.266914	0.267068	0.266304	0.266524	0.266669	0.266916	0.266851	0.266755	0.266636	0.266858	0.266511	0.266960	0.267103	0.266797	0.267808	0.268285	0.263650	0.265059	0.265530	0.264516	0.268959	0.267217	0.267603	0.270216	0.242405	0.241684	0.242305	0.269759	0.270529	0.266096	0.270083	0.269583	0.269858	0.270291	0.273401	0.269343	0.270326	0.271010	0.269922	0.269784	0.269563	0.269854	0.269888	0.270048	0.269556	0.269957	0.269804	0.265366	0.265187	0.254670	0.248327	0.248437	0.266941	0.265859	0.267759	0.267235	0.266474	0.267782	0.267244	0.248835	0.249300	0.248306	0.248232	0.244701	0.245356	0.245451	0.240199	0.239239	0.255037	0.239227	0.244850	0.244517	0.245488	0.244196	0.244758	0.245118	0.244827	0.244683	0.245078	0.245022	0.245144	0.242657	0.244953	0.244796	0.244673	0.240219	0.239896	0.239581	0.255681	0.256184	0.241839	0.245032	0.244488	0.244394	0.244207	0.242445	0.244588	0.251743	0.256911	0.256685	0.256669	0.246306	0.246734	0.246416	0.246827	0.248411	0.244801	0.244954	0.244974	0.242448	0.244937	0.265400	0.261557	0.248656	0.248339	0.265177	0.262445	0.264912	0.258598	0.248660	0.245247	0.245095	0.246126	0.244493	0.264653	0.246200	0.246301	0.245765	0.243291	0.245840	0.244961	0.246983	0.246325	0.254221	0.257918	0.258075	0.257175	0.254077	0.263764	0.270637	0.259248	0.247071	0.248913	0.264628	0.251744	0.248978	0.267429	0.263785	0.264404	0.263781	0.245016	0.267677	0.266970	0.268146	0.268046	0.267784	0.267879	0.267929	0.268817	0.268426	0.268024	0.267970	0.268531	0.267831	0.268476	0.266677	0.268079	0.268152	0.269630	0.268218
007_CB_ATP  	0.228022	0.244305	0.237030	0.000000	0.264713	0.264572	0.264446	0.266645	0.266768	0.266987	0.275132	0.267338	0.264394	0.264928	0.264876	0.263593	0.264347	0.265905	0.265194	0.265372	0.265411	0.265839	0.265481	0.266119	0.266917	0.266832	0.267901	0.267465	0.265070	0.264638	0.266668	0.266959	0.267102	0.266871	0.266054	0.266337	0.266209	0.267041	0.266696	0.266971	0.266773	0.266537	0.265798	0.266458	0.266500	0.266880	0.267840	0.267846	0.263727	0.265073	0.265277	0.264304	0.268793	0.267185	0.267309	0.269988	0.242861	0.242112	0.242661	0.269677	0.270224	0.266059	0.269729	0.269496	0.269945	0.270183	0.273255	0.269442	0.270213	0.270498	0.269692	0.269510	0.269656	0.269555	0.269764	0.269827	0.269394	0.269777	0.269715	0.265046	0.264912	0.254918	0.248620	0.248479	0.266097	0.265817	0.267296	0.267320	0.265889	0.267701	0.267355	0.248689	0.248621	0.248714	0.248260	0.244880	0.245187	0.245157	0.239995	0.239558	0.254868	0.239121	0.245123	0.244411	0.245604	0.245028	0.245049	0.245050	0.244806	0.244724	0.245355	0.245305	0.244892	0.242301	0.244893	0.244985	0.244834	0.240304	0.239498	0.239875	0.255588	0.255932	0.241373	0.244818	0.244559	0.244303	0.244676	0.242677	0.244715	0.252000	0.256866	0.256493	0.256639	0.246749	0.246922	0.246431	0.246679	0.248312	0.245593	0.245021	0.245096	0.242660	0.245154	0.265018	0.261707	0.248574	0.248067	0.264761	0.262287	0.265131	0.258322	0.248786	0.245103	0.245362	0.245932	0.244859	0.264017	0.246520	0.246715	0.246279	0.243391	0.246428	0.245616	0.247185	0.246526	0.254003	0.257514	0.258171	0.256767	0.253748	0.263086	0.270360	0.259240	0.247130	0.248392	0.264597	0.251671	0.248885	0.266563	0.263799	0.264156	0.263435	0.245097	0.267691	0.266598	0.267379	0.268094	0.267127	0.267508	0.267641	0.268365	0.267990	0.267610	0.268100	0.268528	0.267147	0.268191	0.266708	0.267591	0.268304	0.269582	0.268047
008_CC_RED  	0.264470	0.269626	0.265127	0.264713	0.000000	0.254404	0.257428	0.258838	0.258284	0.259596	0.267278	0.259680	0.257833	0.258113	0.257715	0.257390	0.258000	0.258119	0.258271	0.257804	0.257917	0.257835	0.258345	0.258295	0.258568	0.258544	0.259644	0.259495	0.257200	0.258176	0.258940	0.259220	0.259378	0.259118	0.259035	0.258757	0.259100	0.258839	0.258883	0.259438	0.259093	0.258335	0.258842	0.258589	0.259222	0.259216	0.259655	0.259456	0.257925	0.258035	0.257732	0.255629	0.261458	0.258929	0.259179	0.261416	0.268012	0.267276	0.268214	0.260627	0.261062	0.256873	0.260785	0.260486	0.260135	0.260888	0.264526	0.260327	0.261164	0.261459	0.259993	0.260146	0.260454	0.260600	0.260530	0.261012	0.260469	0.260908	0.260494	0.258236	0.258586	0.258371	0.265593	0.265592	0.259264	0.258645	0.258992	0.259114	0.257909	0.259501	0.259029	0.260857	0.261104	0.261215	0.260946	0.265064	0.264752	0.264321	0.265190	0.264933	0.260770	0.264786	0.265141	0.264452	0.265472	0.263958	0.264378	0.264094	0.264459	0.264314	0.264668	0.264755	0.264437	0.264787	0.264832	0.264961	0.264660	0.265239	0.264753	0.265075	0.261266	0.262251	0.267026	0.264423	0.264354	0.264334	0.264596	0.261301	0.264261	0.271671	0.258192	0.258338	0.257849	0.264330	0.264896	0.266956	0.264895	0.268059	0.264675	0.264842	0.264628	0.261480	0.264190	0.258889	0.261144	0.264259	0.265049	0.258022	0.258335	0.258186	0.258640	0.265533	0.264573	0.264290	0.264563	0.264830	0.258124	0.266248	0.265953	0.266579	0.263314	0.266582	0.264978	0.267774	0.264232	0.258767	0.257585	0.258056	0.258297	0.259899	0.257728	0.262829	0.257935	0.268065	0.265202	0.259314	0.263830	0.265821	0.261804	0.259463	0.259087	0.257978	0.264382	0.259753	0.258884	0.259668	0.259806	0.259643	0.259925	0.259804	0.260801	0.260109	0.260095	0.260128	0.260987	0.260050	0.260617	0.258856	0.260132	0.260256	0.261858	0.260268
009_CC_RED  	0.263906	0.269180	0.265388	0.264572	0.254404	0.000000	0.257449	0.258349	0.258534	0.258816	0.267493	0.259749	0.254631	0.257649	0.256909	0.257157	0.257141	0.258233	0.258053	0.257556	0.257880	0.257534	0.257589	0.258062	0.258130	0.258226	0.259733	0.259670	0.257693	0.258044	0.258773	0.258482	0.259160	0.258470	0.258785	0.258531	0.258370	0.258658	0.258389	0.259279	0.258597	0.258562	0.258314	0.258316	0.258441	0.258790	0.258481	0.259168	0.257566	0.257387	0.257715	0.257760	0.261045	0.258489	0.259075	0.260632	0.267994	0.266964	0.268003	0.260268	0.260499	0.256136	0.260317	0.260465	0.260770	0.260726	0.263917	0.259481	0.260755	0.261030	0.259916	0.260246	0.260470	0.259910	0.260099	0.260518	0.259941	0.260289	0.259885	0.257631	0.257914	0.258180	0.265137	0.265159	0.258988	0.258474	0.258923	0.258904	0.257831	0.259450	0.258810	0.260600	0.261557	0.260728	0.260825	0.264205	0.264340	0.264170	0.265121	0.264957	0.260654	0.264976	0.264513	0.264010	0.264689	0.263746	0.264407	0.263923	0.264037	0.263970	0.264464	0.264757	0.264324	0.264323	0.264661	0.264407	0.264133	0.265212	0.265364	0.265064	0.261042	0.261652	0.266768	0.264578	0.264123	0.264212	0.264439	0.260978	0.264100	0.271181	0.257795	0.258166	0.258080	0.264115	0.264484	0.267077	0.264344	0.267960	0.264440	0.264580	0.264204	0.261513	0.263945	0.258119	0.260612	0.264092	0.265081	0.258216	0.257770	0.258096	0.258225	0.264917	0.264749	0.263976	0.264470	0.264695	0.257875	0.265909	0.265932	0.266253	0.262884	0.266347	0.264716	0.267696	0.263868	0.258301	0.257593	0.257587	0.257898	0.259268	0.257892	0.262611	0.257697	0.267637	0.264960	0.258693	0.263696	0.265728	0.261894	0.259632	0.258535	0.257908	0.264166	0.259537	0.258734	0.259107	0.259770	0.259516	0.259607	0.259523	0.260790	0.260059	0.259728	0.260224	0.260491	0.259213	0.260338	0.258559	0.259938	0.259882	0.261712	0.260192
010_CC_RED  	0.263947	0.268602	0.264164	0.264446	0.257428	0.257449	0.000000	0.258480	0.258361	0.258760	0.268111	0.258869	0.257420	0.257674	0.257525	0.257186	0.257069	0.257977	0.257579	0.257278	0.257618	0.257915	0.258125	0.257924	0.258198	0.258651	0.259327	0.259371	0.258215	0.258051	0.259240	0.258442	0.258564	0.258871	0.258727	0.258318	0.259021	0.258853	0.258919	0.259139	0.258756	0.258609	0.258595	0.258205	0.258796	0.259112	0.259102	0.259470	0.257542	0.257838	0.257360	0.256958	0.261036	0.258880	0.258653	0.260826	0.267672	0.266560	0.266980	0.260394	0.261028	0.256786	0.260417	0.260175	0.260409	0.260567	0.264406	0.259830	0.260790	0.261525	0.260068	0.259732	0.260129	0.260439	0.260480	0.260044	0.260208	0.260620	0.260071	0.258177	0.258321	0.257767	0.264824	0.264692	0.259123	0.258229	0.259023	0.258756	0.257710	0.259330	0.258374	0.260408	0.260750	0.260654	0.260152	0.264275	0.263936	0.263973	0.264654	0.264250	0.260034	0.264617	0.264284	0.263772	0.264494	0.263154	0.263324	0.263619	0.263873	0.263726	0.263702	0.264218	0.264092	0.264042	0.264072	0.264330	0.263914	0.265135	0.264600	0.264763	0.260837	0.261651	0.266899	0.263904	0.263321	0.263654	0.263797	0.260766	0.263483	0.271318	0.257402	0.257440	0.257472	0.264214	0.263868	0.266545	0.264202	0.267371	0.264204	0.263730	0.263601	0.260605	0.263554	0.258417	0.260604	0.263745	0.264486	0.258145	0.257596	0.258316	0.257706	0.264991	0.263754	0.263709	0.264051	0.264082	0.258627	0.265834	0.265411	0.265638	0.262642	0.265843	0.264062	0.267315	0.263496	0.258331	0.257536	0.257415	0.257889	0.259169	0.257272	0.262730	0.257121	0.267305	0.264589	0.258671	0.263320	0.265209	0.261672	0.259821	0.258556	0.257777	0.263441	0.259460	0.258510	0.259504	0.260066	0.259396	0.259398	0.259474	0.260636	0.260021	0.259645	0.259849	0.260678	0.259548	0.260044	0.258812	0.260383	0.259871	0.262238	0.259863
013_CC_GRW  	0.265937	0.270949	0.266826	0.266645	0.258838	0.258349	0.258480	0.000000	0.246585	0.254844	0.266091	0.257084	0.258890	0.259007	0.258447	0.258775	0.258550	0.258772	0.258910	0.258500	0.258196	0.258429	0.258859	0.258885	0.258563	0.258074	0.260038	0.257355	0.258947	0.259287	0.257595	0.258190	0.257747	0.258391	0.257741	0.257443	0.256958	0.257600	0.257596	0.257712	0.257241	0.257220	0.258263	0.257068	0.257621	0.258402	0.258742	0.258862	0.258391	0.258877	0.259144	0.258418	0.257175	0.258644	0.258761	0.260079	0.270365	0.269495	0.269929	0.259787	0.260136	0.255839	0.260073	0.260263	0.260058	0.260269	0.264177	0.259401	0.260804	0.261283	0.260036	0.259869	0.259783	0.259930	0.260223	0.260310	0.260083	0.260543	0.260320	0.258657	0.259004	0.260370	0.268362	0.267976	0.258073	0.257228	0.258349	0.258239	0.256744	0.258651	0.258240	0.263153	0.263600	0.262909	0.262916	0.266907	0.266626	0.266667	0.266457	0.266496	0.261741	0.266703	0.267498	0.266568	0.267312	0.266026	0.266407	0.266325	0.266854	0.266138	0.266609	0.266933	0.266577	0.267125	0.266847	0.266899	0.266316	0.267212	0.266617	0.266818	0.262382	0.263086	0.268678	0.266775	0.266596	0.266539	0.267113	0.263517	0.266089	0.273955	0.259430	0.259982	0.259659	0.267047	0.267269	0.269079	0.266764	0.270432	0.266862	0.267001	0.266318	0.263413	0.265984	0.258832	0.261499	0.266696	0.268295	0.258955	0.259465	0.259093	0.260100	0.267924	0.266774	0.266745	0.267157	0.267065	0.258296	0.268775	0.268440	0.269030	0.265069	0.268810	0.267345	0.269791	0.266416	0.260364	0.259475	0.259120	0.259760	0.261699	0.258296	0.262942	0.258999	0.270459	0.267762	0.260055	0.266131	0.268452	0.261759	0.259558	0.259500	0.258106	0.266452	0.258027	0.257443	0.258385	0.256804	0.257756	0.256745	0.258308	0.257885	0.258226	0.256794	0.258403	0.256214	0.253840	0.258044	0.257187	0.257616	0.257437	0.257414	0.258384
014_CC_GRW  	0.266214	0.270649	0.267008	0.266768	0.258284	0.258534	0.258361	0.246585	0.000000	0.257696	0.265582	0.253955	0.258319	0.258978	0.257987	0.258036	0.258369	0.258641	0.258466	0.258344	0.257720	0.258615	0.258292	0.258611	0.258257	0.258462	0.259693	0.258017	0.258446	0.259290	0.257842	0.257960	0.257823	0.257130	0.257886	0.257603	0.257712	0.257771	0.258298	0.258806	0.257440	0.257533	0.257730	0.257080	0.255928	0.258667	0.258612	0.258973	0.258443	0.259137	0.259280	0.258101	0.256330	0.258693	0.258589	0.260238	0.269750	0.269357	0.269711	0.259710	0.260108	0.255728	0.259773	0.260241	0.259887	0.259809	0.263809	0.259094	0.260011	0.260869	0.259578	0.259450	0.259841	0.259778	0.260382	0.260170	0.259841	0.260145	0.259535	0.257943	0.258559	0.260190	0.268074	0.267565	0.256939	0.257623	0.257561	0.258110	0.256474	0.259048	0.258275	0.263104	0.263388	0.263215	0.263469	0.266407	0.266535	0.266670	0.266805	0.265923	0.262218	0.266305	0.266837	0.266262	0.267069	0.265760	0.266461	0.266546	0.266149	0.266059	0.266490	0.266925	0.266068	0.266596	0.266758	0.266966	0.266425	0.266939	0.266346	0.266560	0.262705	0.263552	0.268567	0.266748	0.266434	0.266333	0.266589	0.263266	0.266159	0.273681	0.259180	0.259830	0.259182	0.266922	0.267303	0.269296	0.266841	0.269739	0.266653	0.266304	0.266668	0.263250	0.266359	0.258572	0.261446	0.266740	0.267813	0.258679	0.259190	0.258864	0.260108	0.267950	0.266849	0.266660	0.266854	0.266707	0.258508	0.268379	0.268140	0.268594	0.264950	0.268702	0.267248	0.269883	0.265822	0.260660	0.259538	0.259026	0.259904	0.261416	0.258025	0.262473	0.259366	0.270319	0.267618	0.259555	0.265568	0.268194	0.261843	0.260047	0.259353	0.258071	0.266518	0.256151	0.257051	0.255315	0.256579	0.257617	0.257807	0.255998	0.258528	0.257626	0.258317	0.258067	0.257310	0.256925	0.258027	0.257811	0.258638	0.257708	0.259382	0.257505
016_CC_GRW  	0.266407	0.271597	0.267284	0.266987	0.259596	0.258816	0.258760	0.254844	0.257696	0.000000	0.259997	0.255776	0.259072	0.259076	0.259131	0.258634	0.258570	0.259422	0.259069	0.258619	0.259104	0.258672	0.258609	0.259305	0.259222	0.258657	0.260098	0.256766	0.259320	0.259420	0.258068	0.258892	0.258407	0.259519	0.257913	0.258377	0.258215	0.259101	0.258306	0.258459	0.258802	0.257819	0.258268	0.257030	0.258546	0.258577	0.258924	0.259030	0.259300	0.259262	0.259153	0.259488	0.259246	0.259365	0.259736	0.260896	0.270819	0.269641	0.270143	0.260760	0.261347	0.256917	0.260959	0.260791	0.260914	0.260901	0.264302	0.259779	0.261275	0.261506	0.260561	0.260426	0.261036	0.260452	0.261003	0.261257	0.260728	0.261119	0.260423	0.258961	0.259625	0.260599	0.268647	0.268227	0.258412	0.256919	0.258871	0.259036	0.258162	0.259320	0.259009	0.263667	0.263882	0.263520	0.263546	0.267145	0.267102	0.266898	0.267067	0.266928	0.262877	0.267297	0.267762	0.266906	0.267311	0.266479	0.267188	0.266611	0.266606	0.266450	0.266958	0.267182	0.266917	0.267177	0.267468	0.267766	0.266624	0.267399	0.266964	0.267473	0.262732	0.263411	0.269107	0.267213	0.266966	0.266478	0.267415	0.263927	0.266601	0.274297	0.259916	0.260184	0.260158	0.267266	0.267318	0.269871	0.267337	0.270632	0.267467	0.267298	0.267123	0.264004	0.266754	0.259645	0.261952	0.267363	0.268344	0.259171	0.259951	0.259395	0.260419	0.268249	0.267326	0.267069	0.267681	0.267498	0.258958	0.269398	0.268571	0.269470	0.266008	0.269139	0.267817	0.270594	0.266685	0.261104	0.259972	0.259846	0.260408	0.262266	0.258504	0.263660	0.259558	0.271106	0.268237	0.260455	0.266046	0.268691	0.262744	0.260410	0.260004	0.259056	0.267148	0.257113	0.258174	0.253728	0.258227	0.256724	0.256747	0.258102	0.240624	0.259728	0.258601	0.258715	0.258142	0.250092	0.258223	0.258219	0.258154	0.258691	0.252560	0.258928
017_CC_GRW  	0.274771	0.278975	0.275270	0.275132	0.267278	0.267493	0.268111	0.266091	0.265582	0.259997	0.000000	0.265164	0.267492	0.267430	0.267814	0.268097	0.267850	0.267811	0.268615	0.267251	0.267816	0.267781	0.267409	0.267543	0.267974	0.267757	0.268724	0.265644	0.267645	0.268142	0.266130	0.267424	0.266791	0.266252	0.267689	0.265660	0.265809	0.267540	0.267793	0.267455	0.266344	0.266066	0.267586	0.266396	0.266215	0.266758	0.267267	0.268054	0.267915	0.267742	0.268007	0.267281	0.265737	0.267551	0.268256	0.268757	0.278463	0.276927	0.277981	0.268853	0.269645	0.265868	0.269197	0.268956	0.269216	0.268745	0.271635	0.268870	0.269246	0.269905	0.268746	0.268467	0.269081	0.268735	0.269283	0.268548	0.269076	0.269488	0.268898	0.267016	0.268050	0.269024	0.276216	0.275936	0.267113	0.266384	0.267451	0.267280	0.265343	0.267526	0.267194	0.271959	0.272289	0.271927	0.272290	0.274841	0.275176	0.275175	0.275077	0.274989	0.270801	0.275183	0.274998	0.275067	0.275386	0.274736	0.274886	0.275035	0.274964	0.274077	0.275398	0.275585	0.274944	0.275142	0.274986	0.275152	0.275044	0.275470	0.274926	0.275170	0.271279	0.272242	0.276744	0.274762	0.274911	0.274404	0.274880	0.271905	0.274236	0.281084	0.268650	0.268847	0.268504	0.275220	0.275203	0.277096	0.275257	0.276758	0.275059	0.274961	0.275093	0.273122	0.274832	0.268293	0.270559	0.274868	0.275949	0.267956	0.267911	0.267914	0.268729	0.276359	0.275044	0.274844	0.275093	0.275392	0.267733	0.277031	0.276012	0.276883	0.273987	0.276585	0.275041	0.277624	0.275007	0.269684	0.268707	0.268078	0.268646	0.270029	0.267072	0.271089	0.268148	0.278087	0.276083	0.268497	0.273906	0.276139	0.270669	0.269180	0.268363	0.267939	0.274781	0.265362	0.265372	0.265343	0.266148	0.266919	0.265168	0.265434	0.263596	0.264814	0.262955	0.267266	0.262778	0.264407	0.266152	0.267052	0.265936	0.266630	0.267164	0.267189
018_CC_GRW  	0.267170	0.271877	0.267396	0.267338	0.259680	0.259749	0.258869	0.257084	0.253955	0.255776	0.265164	0.000000	0.259384	0.259871	0.258691	0.259098	0.259724	0.259896	0.259678	0.259469	0.259011	0.259420	0.259448	0.259534	0.259345	0.259308	0.260445	0.258204	0.259624	0.259894	0.259283	0.259168	0.259172	0.259415	0.258907	0.258288	0.259481	0.258549	0.259178	0.258725	0.258076	0.257968	0.258504	0.257979	0.258871	0.258735	0.259538	0.259908	0.259425	0.259397	0.259993	0.259810	0.231103	0.259763	0.259692	0.261190	0.270922	0.269841	0.270368	0.260660	0.261765	0.257221	0.260861	0.260886	0.260915	0.260805	0.264698	0.260178	0.261151	0.261835	0.260526	0.260511	0.260806	0.260257	0.261409	0.261098	0.260663	0.260984	0.260744	0.259410	0.259761	0.261286	0.268607	0.268412	0.258759	0.257120	0.259059	0.259124	0.258005	0.259982	0.259149	0.263766	0.264575	0.264032	0.263824	0.267579	0.267567	0.267290	0.267480	0.267168	0.263114	0.267455	0.267652	0.267755	0.267969	0.266615	0.267271	0.267284	0.267251	0.266853	0.267337	0.268270	0.267541	0.267391	0.267648	0.267654	0.267284	0.267872	0.267418	0.267451	0.263571	0.264142	0.269069	0.267514	0.267254	0.267293	0.267566	0.264340	0.267096	0.274614	0.260541	0.260929	0.260401	0.268009	0.268183	0.270106	0.267809	0.271064	0.267743	0.267805	0.267164	0.264328	0.267250	0.259915	0.262675	0.267983	0.268797	0.259801	0.259884	0.259766	0.261356	0.268948	0.267640	0.267680	0.267754	0.267505	0.259805	0.269795	0.269266	0.269813	0.266338	0.269230	0.267936	0.271065	0.267611	0.262120	0.260356	0.260009	0.260965	0.262162	0.258941	0.263735	0.260242	0.271264	0.268559	0.260718	0.266457	0.269071	0.263001	0.260675	0.260267	0.259411	0.267049	0.252929	0.255847	0.251142	0.258093	0.258904	0.257182	0.257556	0.259370	0.256022	0.258396	0.259418	0.258514	0.257619	0.258402	0.258398	0.259957	0.254955	0.257838	0.258526
022_CC_RED  	0.264290	0.268855	0.264766	0.264394	0.257833	0.254631	0.257420	0.258890	0.258319	0.259072	0.267492	0.259384	0.000000	0.249576	0.257556	0.257940	0.257502	0.258229	0.258201	0.257680	0.257694	0.258209	0.258251	0.258032	0.258467	0.257815	0.259435	0.259746	0.256952	0.257404	0.259482	0.258675	0.258630	0.259148	0.258823	0.258812	0.259154	0.259260	0.259273	0.259579	0.258830	0.258715	0.258813	0.258777	0.259044	0.258979	0.259093	0.259490	0.258024	0.253364	0.255775	0.236125	0.261057	0.258768	0.259025	0.261018	0.268262	0.267395	0.267698	0.260617	0.260998	0.256533	0.260498	0.260103	0.260584	0.260434	0.264396	0.259908	0.260939	0.261408	0.260676	0.260034	0.260218	0.260443	0.260665	0.260634	0.260634	0.260692	0.260132	0.257575	0.258294	0.258553	0.265151	0.265124	0.259231	0.258661	0.258925	0.258848	0.258151	0.259723	0.258406	0.260913	0.261385	0.260664	0.260896	0.264226	0.264502	0.264389	0.264864	0.264485	0.260720	0.264868	0.264365	0.264196	0.264953	0.263484	0.264313	0.264016	0.263895	0.263601	0.263933	0.264671	0.264056	0.264127	0.264738	0.264026	0.264073	0.265014	0.264796	0.265445	0.260951	0.261919	0.266686	0.264345	0.264106	0.263820	0.264069	0.260931	0.263771	0.271595	0.257604	0.258257	0.257648	0.264572	0.264339	0.266627	0.264219	0.267518	0.264068	0.264602	0.263890	0.261013	0.263772	0.258739	0.260779	0.263997	0.264714	0.258003	0.257960	0.258209	0.258452	0.265063	0.264209	0.264120	0.264311	0.264617	0.258507	0.266157	0.265751	0.266481	0.262678	0.265992	0.264355	0.267370	0.264178	0.258330	0.257969	0.257406	0.258379	0.259344	0.257455	0.262816	0.257902	0.267723	0.265154	0.259124	0.263693	0.265469	0.262055	0.259587	0.259205	0.257787	0.263827	0.259870	0.258680	0.259483	0.260369	0.259810	0.259586	0.259466	0.260521	0.260726	0.259594	0.259959	0.261038	0.259692	0.260308	0.259337	0.260334	0.259771	0.262016	0.260091
023_CC_RED  	0.264633	0.269277	0.265211	0.264928	0.258113	0.257649	0.257674	0.259007	0.258978	0.259076	0.267430	0.259871	0.249576	0.000000	0.257957	0.257800	0.258103	0.258518	0.258401	0.257959	0.257773	0.258337	0.258272	0.258274	0.259014	0.258528	0.260259	0.260306	0.257942	0.258635	0.259493	0.259029	0.259184	0.259702	0.259318	0.259244	0.259289	0.259660	0.259549	0.259945	0.259427	0.258801	0.258837	0.258814	0.258825	0.259328	0.259092	0.259720	0.257856	0.257993	0.254168	0.257931	0.261342	0.259167	0.258781	0.261485	0.268252	0.267671	0.268125	0.260722	0.261166	0.256414	0.260955	0.260606	0.260534	0.260520	0.264168	0.260392	0.260988	0.261622	0.260482	0.260562	0.260792	0.260767	0.260871	0.260947	0.260199	0.260736	0.260664	0.258490	0.258649	0.258699	0.265676	0.265697	0.259291	0.259206	0.259129	0.259037	0.257993	0.259510	0.258889	0.261059	0.261434	0.261152	0.260804	0.264875	0.264447	0.264824	0.264914	0.264773	0.261010	0.265153	0.264856	0.264507	0.265237	0.264079	0.264598	0.264142	0.264411	0.264118	0.264378	0.264942	0.264551	0.264570	0.265105	0.264805	0.264308	0.265937	0.265393	0.265527	0.261224	0.262097	0.266982	0.264261	0.264345	0.264233	0.265227	0.261293	0.263665	0.271822	0.257866	0.258469	0.257789	0.264644	0.264605	0.267323	0.265085	0.268171	0.264718	0.264544	0.264660	0.261639	0.264218	0.258097	0.260911	0.264208	0.265424	0.257984	0.257961	0.258406	0.258750	0.265725	0.264733	0.264332	0.264704	0.264692	0.258543	0.266791	0.266075	0.266729	0.263529	0.266626	0.265151	0.267841	0.264100	0.259003	0.258518	0.257886	0.258603	0.259484	0.257733	0.262328	0.257992	0.268289	0.265908	0.258973	0.264035	0.265731	0.262378	0.259907	0.259243	0.258210	0.264056	0.259721	0.258458	0.259869	0.260542	0.259414	0.259783	0.259604	0.260810	0.260673	0.260067	0.260082	0.260915	0.259910	0.260446	0.259390	0.260417	0.260607	0.261987	0.259925
024_CC_RED  	0.264293	0.268778	0.264609	0.264876	0.257715	0.256909	0.257525	0.258447	0.257987	0.259131	0.267814	0.258691	0.257556	0.257957	0.000000	0.257403	0.257439	0.258182	0.258274	0.257649	0.257356	0.257640	0.257969	0.257756	0.258133	0.258272	0.259987	0.259211	0.257563	0.258238	0.258468	0.258899	0.259222	0.258843	0.258743	0.258715	0.259027	0.258734	0.258772	0.258866	0.258480	0.258565	0.258565	0.258154	0.258699	0.258919	0.259339	0.259260	0.257452	0.257742	0.257694	0.257517	0.260915	0.258653	0.258418	0.260731	0.268282	0.267722	0.267824	0.260203	0.260508	0.256221	0.260152	0.260284	0.260177	0.260468	0.264086	0.259702	0.260880	0.261289	0.260168	0.259866	0.260320	0.260107	0.260314	0.260046	0.259751	0.260832	0.260070	0.257997	0.258141	0.258320	0.265318	0.265028	0.258543	0.258552	0.258437	0.258625	0.258004	0.259354	0.258726	0.260642	0.261350	0.260908	0.260819	0.264468	0.264271	0.264932	0.264665	0.264642	0.260222	0.264541	0.265069	0.264181	0.265010	0.263821	0.264233	0.264282	0.264200	0.263780	0.264092	0.264927	0.264281	0.263916	0.264428	0.264723	0.264298	0.265196	0.264875	0.265480	0.260883	0.261715	0.267018	0.264270	0.263776	0.264042	0.264561	0.260775	0.264111	0.271321	0.257690	0.257867	0.257852	0.264594	0.264574	0.266594	0.264326	0.267674	0.264485	0.264163	0.263982	0.260896	0.263884	0.258114	0.261076	0.263977	0.264932	0.257889	0.258331	0.258166	0.258212	0.265118	0.264124	0.264358	0.264314	0.264610	0.257924	0.266359	0.266155	0.266793	0.262646	0.266221	0.264475	0.267279	0.263705	0.258757	0.257626	0.257759	0.257977	0.259183	0.257503	0.262756	0.257737	0.268033	0.264591	0.259277	0.263496	0.265353	0.261473	0.259688	0.258319	0.257513	0.263627	0.259477	0.258955	0.259023	0.259819	0.259323	0.259471	0.259367	0.260538	0.260255	0.259375	0.260355	0.260830	0.259126	0.260102	0.258740	0.260070	0.259918	0.261744	0.259620
028_CC_BRA  	0.263805	0.268562	0.264275	0.263593	0.257390	0.257157	0.257186	0.258775	0.258036	0.258634	0.268097	0.259098	0.257940	0.257800	0.257403	0.000000	0.257005	0.257433	0.257344	0.256966	0.257165	0.257209	0.257159	0.257355	0.258340	0.257925	0.259497	0.259676	0.257683	0.257690	0.258876	0.258592	0.259024	0.258917	0.258579	0.258638	0.258505	0.258893	0.258814	0.259519	0.258737	0.258534	0.258771	0.258091	0.258669	0.258842	0.258948	0.259080	0.256934	0.257882	0.258039	0.257605	0.261058	0.258732	0.259335	0.260836	0.267397	0.266580	0.267389	0.260018	0.260662	0.256177	0.260333	0.260473	0.260366	0.260435	0.264401	0.259879	0.260708	0.261436	0.259934	0.259913	0.259860	0.259796	0.260601	0.260433	0.260149	0.260595	0.260001	0.257676	0.258177	0.257692	0.264637	0.264501	0.258880	0.258298	0.258778	0.258759	0.257779	0.259301	0.258380	0.260421	0.260378	0.260214	0.260194	0.263923	0.263500	0.263752	0.264373	0.264004	0.260452	0.264455	0.264193	0.263584	0.264185	0.262904	0.263164	0.263441	0.263768	0.263122	0.263603	0.263687	0.263981	0.263910	0.264120	0.263841	0.263619	0.264950	0.264101	0.264782	0.260371	0.261062	0.266304	0.263428	0.263451	0.263514	0.263988	0.260418	0.263605	0.270773	0.257449	0.257474	0.257478	0.263697	0.263729	0.266115	0.263808	0.267227	0.263601	0.263571	0.263379	0.260130	0.263036	0.258706	0.261029	0.263263	0.264101	0.258141	0.257694	0.258295	0.258496	0.264440	0.263943	0.263306	0.263557	0.263881	0.258114	0.265436	0.265151	0.265774	0.261901	0.265608	0.263725	0.266744	0.263350	0.258584	0.257152	0.257405	0.257445	0.259105	0.257341	0.262766	0.257095	0.267170	0.264485	0.258371	0.263298	0.264475	0.261668	0.259277	0.258987	0.257970	0.263279	0.259450	0.258855	0.259301	0.259940	0.259269	0.259289	0.259523	0.261144	0.260280	0.259227	0.259806	0.260908	0.259352	0.260253	0.258777	0.260641	0.260268	0.261901	0.260029
029_CC_BRA  	0.263551	0.268493	0.263658	0.264347	0.258000	0.257141	0.257069	0.258550	0.258369	0.258570	0.267850	0.259724	0.257502	0.258103	0.257439	0.257005	0.000000	0.257994	0.257216	0.257181	0.257219	0.257574	0.257581	0.257507	0.258394	0.258184	0.259732	0.259634	0.257399	0.257717	0.258775	0.258495	0.259204	0.258902	0.259055	0.258258	0.258717	0.259007	0.259187	0.259623	0.258826	0.258663	0.258954	0.258612	0.258884	0.259047	0.259201	0.259041	0.257645	0.257676	0.257701	0.257577	0.261164	0.258819	0.259339	0.261102	0.267000	0.266757	0.267341	0.260391	0.261232	0.256293	0.260682	0.260547	0.259895	0.260784	0.264543	0.259734	0.260772	0.261642	0.260297	0.260157	0.259616	0.260001	0.260531	0.260613	0.260343	0.260650	0.260114	0.257887	0.258291	0.257927	0.264294	0.264059	0.258973	0.258275	0.258707	0.258493	0.258169	0.259043	0.258592	0.260299	0.260518	0.260095	0.260329	0.263505	0.263536	0.263377	0.264333	0.264047	0.260131	0.264156	0.263856	0.263205	0.263915	0.262503	0.263452	0.263135	0.262872	0.262808	0.263794	0.264058	0.263370	0.263354	0.263749	0.263606	0.263453	0.264743	0.263634	0.264760	0.260446	0.261355	0.265915	0.263471	0.263301	0.263307	0.263695	0.260109	0.263395	0.270811	0.257585	0.257529	0.256876	0.263531	0.263480	0.266151	0.263331	0.267161	0.263335	0.263215	0.262716	0.260310	0.263064	0.258104	0.260781	0.263019	0.263867	0.257997	0.257673	0.257789	0.257805	0.264138	0.263123	0.263305	0.263626	0.264012	0.258277	0.265418	0.265145	0.265552	0.261805	0.265362	0.263750	0.266793	0.262508	0.257718	0.257318	0.257056	0.257528	0.259102	0.257420	0.262741	0.257354	0.266872	0.264067	0.258802	0.262749	0.264559	0.262004	0.259513	0.258822	0.257808	0.262536	0.259451	0.259010	0.259238	0.260860	0.259414	0.259601	0.259677	0.261033	0.260672	0.259333	0.260130	0.260775	0.259576	0.260707	0.258455	0.260001	0.260184	0.261813	0.259984
030_CC_MPT  	0.265908	0.270796	0.266208	0.265905	0.258119	0.258233	0.257977	0.258772	0.258641	0.259422	0.267811	0.259896	0.258229	0.258518	0.258182	0.257433	0.257994	0.000000	0.257956	0.256615	0.257674	0.257315	0.257196	0.257390	0.258544	0.258314	0.259870	0.260183	0.258237	0.258494	0.259083	0.259342	0.259415	0.259165	0.259057	0.259132	0.259105	0.259418	0.259481	0.260078	0.259315	0.258934	0.259052	0.258894	0.259114	0.259522	0.259212	0.259131	0.258023	0.258405	0.258861	0.258388	0.261681	0.258876	0.259754	0.261301	0.269461	0.268575	0.269226	0.260028	0.260376	0.255757	0.259845	0.259701	0.259701	0.259743	0.263437	0.259546	0.260064	0.260815	0.259849	0.259550	0.259288	0.259595	0.260079	0.259968	0.259292	0.259698	0.259900	0.258713	0.258983	0.259480	0.267080	0.267195	0.259506	0.258819	0.259126	0.259199	0.258174	0.259715	0.258774	0.262579	0.262610	0.262302	0.262355	0.265860	0.265598	0.265854	0.266326	0.265997	0.261927	0.266355	0.266050	0.265389	0.266657	0.264989	0.265855	0.265360	0.265938	0.265473	0.265849	0.266495	0.266182	0.265888	0.266109	0.265998	0.265971	0.266312	0.266267	0.266607	0.262305	0.263096	0.268271	0.265812	0.265474	0.265746	0.265839	0.262646	0.265472	0.272922	0.259247	0.259919	0.259037	0.265740	0.265905	0.268660	0.265821	0.269460	0.266005	0.266018	0.265627	0.262750	0.265070	0.259008	0.261546	0.265561	0.266528	0.258909	0.258826	0.258662	0.259451	0.266681	0.265929	0.265589	0.265739	0.266217	0.259005	0.267943	0.267227	0.268059	0.264088	0.267819	0.266018	0.269067	0.265415	0.260144	0.259056	0.259090	0.259262	0.260927	0.258099	0.263180	0.259108	0.269511	0.266893	0.259833	0.265171	0.267094	0.263139	0.260504	0.259940	0.258579	0.265200	0.260309	0.259306	0.259989	0.260702	0.259922	0.260408	0.259480	0.261375	0.260452	0.259651	0.260801	0.261245	0.259993	0.260875	0.259155	0.260731	0.260593	0.262473	0.260018
031_CC_MPT  	0.265045	0.270204	0.265219	0.265194	0.258271	0.258053	0.257579	0.258910	0.258466	0.259069	0.268615	0.259678	0.258201	0.258401	0.258274	0.257344	0.257216	0.257956	0.000000	0.257239	0.256800	0.257415	0.255935	0.257751	0.258890	0.258473	0.260030	0.259846	0.258713	0.258066	0.259255	0.258811	0.259210	0.259092	0.259049	0.259084	0.259067	0.259374	0.259185	0.259488	0.258903	0.258667	0.258822	0.258583	0.258883	0.259057	0.259091	0.259013	0.257897	0.258159	0.258151	0.257921	0.261054	0.259152	0.259186	0.261367	0.268694	0.267785	0.268077	0.260053	0.260528	0.256042	0.260190	0.260191	0.260596	0.260160	0.263899	0.259657	0.260668	0.261262	0.260019	0.259580	0.259989	0.259702	0.260310	0.260282	0.260340	0.260053	0.259675	0.258371	0.258579	0.258917	0.265849	0.265412	0.259478	0.258786	0.258866	0.259073	0.258069	0.259567	0.258985	0.261434	0.261723	0.261586	0.261047	0.265220	0.264765	0.265114	0.265175	0.265318	0.260857	0.265263	0.265039	0.264431	0.265565	0.263827	0.264528	0.264577	0.264541	0.264219	0.264963	0.264815	0.264785	0.264863	0.265136	0.265314	0.264748	0.265530	0.265245	0.265477	0.261413	0.262276	0.267364	0.264610	0.264297	0.264478	0.264869	0.261497	0.264355	0.272155	0.258393	0.258344	0.258165	0.264618	0.264909	0.267149	0.264904	0.268044	0.264786	0.264534	0.264791	0.261721	0.264503	0.258814	0.261293	0.264450	0.265550	0.257944	0.258229	0.258300	0.259231	0.265431	0.264911	0.264746	0.264886	0.264937	0.258723	0.266465	0.266243	0.266420	0.263012	0.266327	0.264749	0.267781	0.264487	0.259587	0.258262	0.257971	0.259031	0.260147	0.257585	0.263336	0.257933	0.268314	0.265827	0.259374	0.264075	0.266210	0.262596	0.260508	0.259515	0.258097	0.264470	0.259643	0.258753	0.259491	0.260732	0.259802	0.259760	0.259855	0.261037	0.260507	0.259623	0.260452	0.260824	0.259464	0.260604	0.259400	0.260611	0.260481	0.262562	0.260483
032_CC_MPT  	0.264890	0.269882	0.265314	0.265372	0.257804	0.257556	0.257278	0.258500	0.258344	0.258619	0.267251	0.259469	0.257680	0.257959	0.257649	0.256966	0.257181	0.256615	0.257239	0.000000	0.256607	0.256884	0.256491	0.256259	0.257721	0.257987	0.258758	0.259308	0.257667	0.257845	0.258803	0.258569	0.258802	0.259313	0.258928	0.258437	0.258689	0.258806	0.258698	0.259276	0.258962	0.258636	0.258598	0.258624	0.258867	0.258541	0.258362	0.258520	0.257812	0.257771	0.258112	0.257965	0.260812	0.258411	0.258834	0.260509	0.268546	0.267673	0.268579	0.259158	0.260149	0.255197	0.258926	0.259173	0.259059	0.258811	0.263282	0.258699	0.259146	0.259867	0.258994	0.259320	0.258246	0.259138	0.258946	0.258911	0.258946	0.259305	0.258578	0.258080	0.258358	0.258949	0.266134	0.265565	0.258749	0.258353	0.258528	0.258512	0.257540	0.259082	0.258446	0.261380	0.261649	0.261602	0.261480	0.264496	0.265044	0.264951	0.265404	0.265433	0.261592	0.265228	0.265716	0.264608	0.265253	0.264207	0.265016	0.264906	0.264466	0.264483	0.264978	0.265357	0.265258	0.264875	0.265308	0.265181	0.265030	0.265980	0.265736	0.265822	0.261566	0.262447	0.267396	0.264859	0.264570	0.264911	0.264973	0.261656	0.264417	0.271931	0.258386	0.259053	0.258123	0.264875	0.265246	0.267229	0.265236	0.268371	0.265070	0.264867	0.264597	0.261900	0.264396	0.258461	0.261802	0.264587	0.265522	0.258332	0.258787	0.258716	0.258511	0.266206	0.264946	0.264698	0.265060	0.265466	0.258301	0.266979	0.266547	0.266794	0.263155	0.266894	0.265211	0.268139	0.264658	0.259248	0.258456	0.257388	0.258558	0.260086	0.257741	0.262163	0.258154	0.268433	0.265880	0.259119	0.264268	0.266297	0.262127	0.259617	0.259261	0.258200	0.264829	0.259353	0.258761	0.259068	0.259817	0.259209	0.259601	0.258998	0.260377	0.260105	0.259364	0.260259	0.260631	0.259060	0.260097	0.258634	0.259850	0.259921	0.261543	0.259207
033_CC_MPT  	0.264638	0.269428	0.265368	0.265411	0.257917	0.257880	0.257618	0.258196	0.257720	0.259104	0.267816	0.259011	0.257694	0.257773	0.257356	0.257165	0.257219	0.257674	0.256800	0.256607	0.000000	0.256849	0.256761	0.256940	0.257809	0.257983	0.259549	0.259452	0.257464	0.257910	0.258713	0.259077	0.258712	0.258624	0.258941	0.258464	0.258506	0.258695	0.258717	0.259083	0.258255	0.258412	0.258793	0.257974	0.258610	0.258740	0.258990	0.259204	0.257769	0.257763	0.257868	0.257234	0.260803	0.258756	0.258502	0.260600	0.268556	0.267758	0.268275	0.259508	0.259963	0.254984	0.259225	0.259489	0.259618	0.259972	0.263292	0.258792	0.259957	0.260171	0.259356	0.258733	0.259186	0.259486	0.259595	0.259496	0.258925	0.259873	0.258808	0.257985	0.258623	0.258618	0.266187	0.265578	0.258457	0.258383	0.258806	0.258188	0.257227	0.259062	0.258329	0.261710	0.261968	0.261096	0.261535	0.265205	0.265042	0.265312	0.265122	0.264835	0.260969	0.265165	0.265174	0.264398	0.265556	0.264300	0.265037	0.264512	0.264819	0.264461	0.264884	0.265575	0.264981	0.265126	0.264916	0.265106	0.264629	0.265818	0.265624	0.265981	0.261322	0.262619	0.267466	0.265009	0.264876	0.264778	0.264758	0.261453	0.264192	0.272102	0.258192	0.258589	0.258083	0.265325	0.265193	0.267895	0.265185	0.267963	0.264665	0.265053	0.264915	0.261740	0.264575	0.258403	0.261209	0.264675	0.265959	0.258397	0.258046	0.258162	0.258494	0.265970	0.265247	0.264423	0.264663	0.265386	0.258324	0.266909	0.266531	0.266991	0.263234	0.267172	0.265313	0.268457	0.264595	0.259057	0.258334	0.258136	0.258479	0.260204	0.257417	0.262505	0.258208	0.268526	0.265836	0.259091	0.263884	0.266195	0.261991	0.259361	0.259016	0.257525	0.264496	0.259455	0.258678	0.258796	0.260082	0.259312	0.259454	0.259075	0.260485	0.260038	0.259117	0.259759	0.260368	0.258886	0.259660	0.258713	0.259964	0.259753	0.261367	0.259415
