317_CO_SCC  	0.000000	0.287121	0.287265	0.287237	0.286654	0.287988	0.287341	0.287496	0.287211	0.287528	0.287927	0.287894	0.288633	0.288421	0.288919	0.288707	0.288114	0.287769	0.287844	0.288223	0.291336	0.287783	0.294030	0.295620	0.295010	0.294807	0.295926	0.292739	0.292578	0.292220	0.293615	0.293122	0.293411	0.292313	0.293284	0.293980	0.293866	0.293941	0.300591	0.300947	0.298284	0.299590	0.298566	0.297083	0.293031	0.294177	0.295664	0.296173	0.292993	0.293350
318_CO_SCC  	0.287121	0.000000	0.287920	0.286975	0.287084	0.287890	0.287409	0.287113	0.287319	0.287683	0.287335	0.287553	0.288831	0.288904	0.288736	0.288424	0.288028	0.287787	0.285705	0.288484	0.291056	0.288112	0.293690	0.295505	0.295474	0.294794	0.296504	0.292553	0.293074	0.292458	0.293296	0.293372	0.293325	0.292634	0.292657	0.293578	0.293945	0.293616	0.300601	0.300420	0.298212	0.299800	0.298509	0.296840	0.293151	0.293635	0.296197	0.296579	0.292833	0.293578
320_CO_SCC  	0.287265	0.287920	0.000000	0.287870	0.286875	0.288204	0.286783	0.287541	0.287679	0.287678	0.288488	0.288173	0.288490	0.289227	0.288988	0.288433	0.287755	0.288362	0.286971	0.287797	0.291235	0.287682	0.293335	0.296471	0.295345	0.294746	0.296665	0.293039	0.293275	0.292645	0.293079	0.293365	0.293367	0.292709	0.293175	0.293433	0.293677	0.293681	0.301007	0.300461	0.298259	0.300247	0.299046	0.297410	0.293397	0.294372	0.296001	0.296996	0.293227	0.293664
322_CO_SCC  	0.287237	0.286975	0.287870	0.000000	0.286330	0.287239	0.286786	0.286524	0.286548	0.286683	0.287191	0.287261	0.287655	0.289066	0.288622	0.288563	0.287704	0.287098	0.286876	0.287449	0.291318	0.287755	0.294244	0.296130	0.295338	0.294483	0.296248	0.293274	0.292933	0.292957	0.293616	0.292901	0.293456	0.293226	0.292895	0.293323	0.293310	0.293439	0.301701	0.300646	0.298187	0.299607	0.298602	0.297661	0.293568	0.294167	0.296159	0.296591	0.293443	0.293520
323_CO_SCC  	0.286654	0.287084	0.286875	0.286330	0.000000	0.286361	0.286647	0.285956	0.285858	0.286042	0.286605	0.287167	0.287382	0.288914	0.288199	0.288165	0.287802	0.286633	0.287642	0.287074	0.290819	0.287092	0.293900	0.295382	0.295498	0.294840	0.296936	0.293054	0.293481	0.292429	0.293194	0.292794	0.293613	0.293433	0.292428	0.293056	0.293244	0.294063	0.300705	0.300477	0.298722	0.299267	0.298124	0.297435	0.293531	0.294136	0.296107	0.296086	0.293048	0.292953
324_CO_SCC  	0.287988	0.287890	0.288204	0.287239	0.286361	0.000000	0.286179	0.286600	0.287853	0.286926	0.287822	0.287049	0.288500	0.289333	0.289231	0.289156	0.288113	0.287490	0.287313	0.288308	0.292006	0.288407	0.294382	0.296790	0.296478	0.295195	0.297481	0.294016	0.293756	0.292964	0.294175	0.293047	0.294476	0.293783	0.293834	0.294287	0.293971	0.294595	0.302084	0.301474	0.299385	0.300197	0.298904	0.297650	0.294535	0.295075	0.297041	0.296855	0.293562	0.294126
327_CO_SCC  	0.287341	0.287409	0.286783	0.286786	0.286647	0.286179	0.000000	0.286477	0.286488	0.286844	0.286877	0.286948	0.287590	0.289072	0.288791	0.289446	0.287713	0.287196	0.287309	0.287617	0.291489	0.287507	0.294027	0.296084	0.295830	0.294858	0.296404	0.292543	0.293348	0.292990	0.293342	0.293144	0.293650	0.293325	0.293287	0.294007	0.293652	0.294153	0.301265	0.300672	0.298201	0.300006	0.298671	0.297208	0.293614	0.294704	0.296758	0.296428	0.293308	0.293435
329_CO_SCC  	0.287496	0.287113	0.287541	0.286524	0.285956	0.286600	0.286477	0.000000	0.286252	0.286669	0.286643	0.287137	0.287226	0.289447	0.288334	0.288530	0.287932	0.287210	0.287345	0.287326	0.290747	0.287870	0.293557	0.295623	0.295306	0.294300	0.295981	0.292637	0.293344	0.292810	0.293051	0.292958	0.293113	0.292874	0.293324	0.293757	0.293901	0.293513	0.300622	0.300428	0.298275	0.299753	0.299032	0.296621	0.293623	0.294171	0.295543	0.296715	0.293292	0.293584
330_CO_SCC  	0.287211	0.287319	0.287679	0.286548	0.285858	0.287853	0.286488	0.286252	0.000000	0.286624	0.286693	0.286595	0.288176	0.289055	0.288668	0.288692	0.288123	0.286906	0.287290	0.287044	0.292084	0.288112	0.293907	0.295978	0.295769	0.294665	0.297159	0.293253	0.292860	0.293325	0.293717	0.293415	0.294072	0.293256	0.293553	0.293923	0.294437	0.293965	0.301272	0.300989	0.298632	0.300132	0.299073	0.297286	0.294096	0.294270	0.296173	0.297259	0.292911	0.293403
388_CO_SCC  	0.287528	0.287683	0.287678	0.286683	0.286042	0.286926	0.286844	0.286669	0.286624	0.000000	0.286749	0.287089	0.288056	0.289790	0.288611	0.288896	0.287721	0.287229	0.287467	0.288143	0.291762	0.287979	0.294041	0.296507	0.295668	0.294707	0.296558	0.293151	0.292900	0.292870	0.293246	0.292934	0.293906	0.293222	0.293838	0.293434	0.294023	0.293692	0.301226	0.300376	0.298285	0.299994	0.298502	0.297209	0.293654	0.294153	0.296343	0.296890	0.293522	0.293758
390_CO_SCC  	0.287927	0.287335	0.288488	0.287191	0.286605	0.287822	0.286877	0.286643	0.286693	0.286749	0.000000	0.286272	0.287794	0.289771	0.289271	0.289343	0.287813	0.285386	0.287381	0.287939	0.291746	0.288120	0.294499	0.296388	0.296128	0.294978	0.296791	0.293446	0.293335	0.292760	0.293548	0.294030	0.293915	0.294154	0.293568	0.294105	0.294530	0.293663	0.301847	0.301084	0.298698	0.300156	0.299535	0.297264	0.294427	0.294273	0.296868	0.296970	0.294061	0.293938
400_CO_SCC  	0.287894	0.287553	0.288173	0.287261	0.287167	0.287049	0.286948	0.287137	0.286595	0.287089	0.286272	0.000000	0.287587	0.289292	0.289479	0.289467	0.287941	0.286870	0.287668	0.287888	0.291288	0.288136	0.293991	0.296906	0.295923	0.294903	0.297078	0.293130	0.293509	0.292636	0.294029	0.293654	0.293874	0.293464	0.293666	0.293945	0.293436	0.294252	0.301868	0.300947	0.298919	0.300179	0.299462	0.297498	0.294585	0.294520	0.296245	0.296608	0.293563	0.293098
401_CO_SCC  	0.288633	0.288831	0.288490	0.287655	0.287382	0.288500	0.287590	0.287226	0.288176	0.288056	0.287794	0.287587	0.000000	0.289929	0.289961	0.289844	0.289215	0.287963	0.289150	0.288433	0.291077	0.289017	0.294270	0.297002	0.296300	0.295916	0.297655	0.293872	0.294417	0.293699	0.294235	0.294026	0.294516	0.294056	0.292804	0.293987	0.293233	0.293925	0.301944	0.301663	0.299131	0.300213	0.298948	0.298217	0.294828	0.295377	0.296921	0.297892	0.293248	0.292938
348_CO_YBW  	0.288421	0.288904	0.289227	0.289066	0.288914	0.289333	0.289072	0.289447	0.289055	0.289790	0.289771	0.289292	0.289929	0.000000	0.289154	0.288583	0.289666	0.290054	0.288828	0.289223	0.290730	0.289041	0.293741	0.295262	0.295452	0.294227	0.296510	0.292332	0.293091	0.292591	0.292730	0.293503	0.293419	0.293036	0.292590	0.293840	0.293316	0.293636	0.300974	0.300236	0.298021	0.299178	0.298474	0.296709	0.293611	0.293795	0.295690	0.296797	0.292368	0.292372
351_CO_YBW  	0.288919	0.288736	0.288988	0.288622	0.288199	0.289231	0.288791	0.288334	0.288668	0.288611	0.289271	0.289479	0.289961	0.289154	0.000000	0.288840	0.288939	0.289236	0.288636	0.288928	0.290986	0.288990	0.293814	0.295386	0.295271	0.294158	0.295838	0.292719	0.292561	0.292482	0.292453	0.292900	0.293185	0.292574	0.293159	0.293082	0.293411	0.293466	0.300386	0.300115	0.297328	0.299399	0.298254	0.297375	0.293483	0.293741	0.295763	0.295842	0.293113	0.293113
354_CO_YBW  	0.288707	0.288424	0.288433	0.288563	0.288165	0.289156	0.289446	0.288530	0.288692	0.288896	0.289343	0.289467	0.289844	0.288583	0.288840	0.000000	0.289441	0.289804	0.288582	0.288839	0.291047	0.288984	0.293477	0.295423	0.295218	0.294125	0.296123	0.292700	0.292534	0.291825	0.293319	0.292750	0.293607	0.293169	0.292707	0.293302	0.293734	0.293255	0.300459	0.299526	0.297475	0.299489	0.298519	0.296948	0.293673	0.293455	0.295700	0.295874	0.292607	0.293221
355_CO_YBW  	0.288114	0.288028	0.287755	0.287704	0.287802	0.288113	0.287713	0.287932	0.288123	0.287721	0.287813	0.287941	0.289215	0.289666	0.288939	0.289441	0.000000	0.288433	0.287679	0.288176	0.291490	0.288591	0.293520	0.296114	0.295465	0.294406	0.296719	0.292784	0.292977	0.292672	0.293298	0.293077	0.292895	0.292838	0.293165	0.293634	0.293946	0.294176	0.300955	0.300576	0.298241	0.299496	0.298945	0.297000	0.294285	0.294144	0.296803	0.296325	0.292617	0.293491
309_CO_ACW  	0.287769	0.287787	0.288362	0.287098	0.286633	0.287490	0.287196	0.287210	0.286906	0.287229	0.285386	0.286870	0.287963	0.290054	0.289236	0.289804	0.288433	0.000000	0.287776	0.288004	0.290995	0.288479	0.294217	0.296140	0.295855	0.295977	0.296907	0.293050	0.294022	0.293831	0.294054	0.294317	0.293574	0.293831	0.293278	0.294421	0.294084	0.293769	0.301620	0.301418	0.299487	0.300514	0.299542	0.297822	0.294432	0.295093	0.296415	0.297421	0.293836	0.293004
310_CO_ACW  	0.287844	0.285705	0.286971	0.286876	0.287642	0.287313	0.287309	0.287345	0.287290	0.287467	0.287381	0.287668	0.289150	0.288828	0.288636	0.288582	0.287679	0.287776	0.000000	0.287159	0.291202	0.287519	0.292769	0.294959	0.295088	0.294109	0.295522	0.292565	0.292052	0.291986	0.292632	0.292258	0.292989	0.292676	0.292452	0.293039	0.293148	0.293569	0.300727	0.300367	0.297483	0.299534	0.298544	0.296471	0.293441	0.293352	0.295413	0.295725	0.293055	0.293259
311_CO_ACW  	0.288223	0.288484	0.287797	0.287449	0.287074	0.288308	0.287617	0.287326	0.287044	0.288143	0.287939	0.287888	0.288433	0.289223	0.288928	0.288839	0.288176	0.288004	0.287159	0.000000	0.290823	0.288233	0.293480	0.295837	0.295222	0.294988	0.296652	0.292890	0.292895	0.292976	0.293314	0.293625	0.293080	0.293175	0.292493	0.293366	0.293164	0.293471	0.300744	0.300674	0.298189	0.299456	0.298325	0.296719	0.293382	0.294541	0.295613	0.296676	0.292560	0.293054
316_CO_ACW  	0.291336	0.291056	0.291235	0.291318	0.290819	0.292006	0.291489	0.290747	0.292084	0.291762	0.291746	0.291288	0.291077	0.290730	0.290986	0.291047	0.291490	0.290995	0.291202	0.290823	0.000000	0.291381	0.293377	0.295815	0.295651	0.295184	0.296701	0.293604	0.293315	0.292925	0.293573	0.293718	0.293709	0.293107	0.292698	0.293114	0.292660	0.293823	0.300676	0.300437	0.298198	0.298963	0.298373	0.296603	0.293973	0.294480	0.296120	0.296989	0.292849	0.291951
405_CO_ACW  	0.287783	0.288112	0.287682	0.287755	0.287092	0.288407	0.287507	0.287870	0.288112	0.287979	0.288120	0.288136	0.289017	0.289041	0.288990	0.288984	0.288591	0.288479	0.287519	0.288233	0.291381	0.000000	0.293662	0.295843	0.295031	0.294406	0.295958	0.292782	0.293174	0.292820	0.293441	0.292974	0.293614	0.293085	0.292464	0.293648	0.294177	0.293323	0.300743	0.299988	0.298491	0.299498	0.298403	0.297124	0.293777	0.294499	0.295915	0.296522	0.292834	0.293619
358_CO_PLW  	0.294030	0.293690	0.293335	0.294244	0.293900	0.294382	0.294027	0.293557	0.293907	0.294041	0.294499	0.293991	0.294270	0.293741	0.293814	0.293477	0.293520	0.294217	0.292769	0.293480	0.293377	0.293662	0.000000	0.294075	0.293125	0.293065	0.294533	0.291293	0.292561	0.292390	0.291798	0.292456	0.291658	0.291846	0.292605	0.292179	0.291953	0.292602	0.297670	0.297513	0.294580	0.295814	0.295371	0.295241	0.293114	0.293386	0.294678	0.294414	0.293193	0.291829
359_CO_PLW  	0.295620	0.295505	0.296471	0.296130	0.295382	0.296790	0.296084	0.295623	0.295978	0.296507	0.296388	0.296906	0.297002	0.295262	0.295386	0.295423	0.296114	0.296140	0.294959	0.295837	0.295815	0.295843	0.294075	0.000000	0.288360	0.287954	0.286932	0.293826	0.293818	0.293985	0.293806	0.294084	0.293895	0.293930	0.293799	0.294233	0.294725	0.294725	0.291231	0.290712	0.289170	0.289449	0.288981	0.288431	0.289254	0.287157	0.288199	0.288366	0.291254	0.294263
360_CO_PLW  	0.295010	0.295474	0.295345	0.295338	0.295498	0.296478	0.295830	0.295306	0.295769	0.295668	0.296128	0.295923	0.296300	0.295452	0.295271	0.295218	0.295465	0.295855	0.295088	0.295222	0.295651	0.295031	0.293125	0.288360	0.000000	0.287427	0.286965	0.293506	0.294082	0.293483	0.293822	0.293711	0.293540	0.293445	0.293565	0.294140	0.294276	0.293879	0.290662	0.290938	0.287721	0.288532	0.288100	0.286288	0.289501	0.286927	0.287190	0.287299	0.290218	0.294166
361_CO_PLW  	0.294807	0.294794	0.294746	0.294483	0.294840	0.295195	0.294858	0.294300	0.294665	0.294707	0.294978	0.294903	0.295916	0.294227	0.294158	0.294125	0.294406	0.295977	0.294109	0.294988	0.295184	0.294406	0.293065	0.287954	0.287427	0.000000	0.286644	0.292689	0.293129	0.293302	0.293549	0.292871	0.293660	0.293278	0.293792	0.293663	0.293825	0.293411	0.290736	0.290748	0.287556	0.289738	0.288507	0.285467	0.289593	0.287901	0.286812	0.287438	0.290520	0.292947
362_CO_PLW  	0.295926	0.296504	0.296665	0.296248	0.296936	0.297481	0.296404	0.295981	0.297159	0.296558	0.296791	0.297078	0.297655	0.296510	0.295838	0.296123	0.296719	0.296907	0.295522	0.296652	0.296701	0.295958	0.294533	0.286932	0.286965	0.286644	0.000000	0.294291	0.294613	0.294224	0.293881	0.294079	0.294115	0.294578	0.294853	0.294615	0.294695	0.294799	0.289539	0.288135	0.285274	0.287681	0.286301	0.285886	0.289331	0.288052	0.285132	0.286464	0.291348	0.294470
363_CO_PLW  	0.292739	0.292553	0.293039	0.293274	0.293054	0.294016	0.292543	0.292637	0.293253	0.293151	0.293446	0.293130	0.293872	0.292332	0.292719	0.292700	0.292784	0.293050	0.292565	0.292890	0.293604	0.292782	0.291293	0.293826	0.293506	0.292689	0.294291	0.000000	0.291498	0.290844	0.291257	0.291698	0.291637	0.291531	0.292398	0.292029	0.292070	0.290853	0.297569	0.297337	0.295119	0.296092	0.294829	0.294276	0.293156	0.293296	0.293750	0.294025	0.293522	0.291200
364_CO_PLW  	0.292578	0.293074	0.293275	0.292933	0.293481	0.293756	0.293348	0.293344	0.292860	0.292900	0.293335	0.293509	0.294417	0.293091	0.292561	0.292534	0.292977	0.294022	0.292052	0.292895	0.293315	0.293174	0.292561	0.293818	0.294082	0.293129	0.294613	0.291498	0.000000	0.291058	0.290951	0.291310	0.290473	0.291097	0.292151	0.291505	0.291693	0.291492	0.298218	0.296664	0.295103	0.295966	0.295178	0.295153	0.292616	0.293146	0.293614	0.294895	0.292938	0.291509
365_CO_PLW  	0.292220	0.292458	0.292645	0.292957	0.292429	0.292964	0.292990	0.292810	0.293325	0.292870	0.292760	0.292636	0.293699	0.292591	0.292482	0.291825	0.292672	0.293831	0.291986	0.292976	0.292925	0.292820	0.292390	0.293985	0.293483	0.293302	0.294224	0.290844	0.291058	0.000000	0.291172	0.291072	0.291389	0.284068	0.292919	0.291669	0.291316	0.292112	0.297566	0.297038	0.295040	0.296217	0.295288	0.294679	0.292816	0.292581	0.293362	0.294089	0.292824	0.291933
366_CO_PLW  	0.293615	0.293296	0.293079	0.293616	0.293194	0.294175	0.293342	0.293051	0.293717	0.293246	0.293548	0.294029	0.294235	0.292730	0.292453	0.293319	0.293298	0.294054	0.292632	0.293314	0.293573	0.293441	0.291798	0.293806	0.293822	0.293549	0.293881	0.291257	0.290951	0.291172	0.000000	0.291303	0.291354	0.291264	0.292560	0.291815	0.292460	0.292062	0.297726	0.297962	0.295050	0.296333	0.295919	0.294926	0.293353	0.293364	0.294218	0.294652	0.293621	0.292087
367_CO_PLW  	0.293122	0.293372	0.293365	0.292901	0.292794	0.293047	0.293144	0.292958	0.293415	0.292934	0.294030	0.293654	0.294026	0.293503	0.292900	0.292750	0.293077	0.294317	0.292258	0.293625	0.293718	0.292974	0.292456	0.294084	0.293711	0.292871	0.294079	0.291698	0.291310	0.291072	0.291303	0.000000	0.291455	0.291271	0.292020	0.292124	0.291968	0.292147	0.298352	0.297099	0.295099	0.296100	0.295251	0.294648	0.293083	0.293410	0.293809	0.294073	0.293427	0.292020
368_CO_PLW  	0.293411	0.293325	0.293367	0.293456	0.293613	0.294476	0.293650	0.293113	0.294072	0.293906	0.293915	0.293874	0.294516	0.293419	0.293185	0.293607	0.292895	0.293574	0.292989	0.293080	0.293709	0.293614	0.291658	0.293895	0.293540	0.293660	0.294115	0.291637	0.290473	0.291389	0.291354	0.291455	0.000000	0.289838	0.292466	0.291652	0.292247	0.292212	0.298145	0.297766	0.295869	0.296371	0.295754	0.295216	0.293284	0.293765	0.294278	0.294664	0.293597	0.291631
369_CO_PLW  	0.292313	0.292634	0.292709	0.293226	0.293433	0.293783	0.293325	0.292874	0.293256	0.293222	0.294154	0.293464	0.294056	0.293036	0.292574	0.293169	0.292838	0.293831	0.292676	0.293175	0.293107	0.293085	0.291846	0.293930	0.293445	0.293278	0.294578	0.291531	0.291097	0.284068	0.291264	0.291271	0.289838	0.000000	0.291591	0.292302	0.291389	0.292457	0.297928	0.297215	0.295355	0.296519	0.295713	0.294741	0.292828	0.293349	0.293888	0.294740	0.293001	0.292019
370_CO_PLW  	0.293284	0.292657	0.293175	0.292895	0.292428	0.293834	0.293287	0.293324	0.293553	0.293838	0.293568	0.293666	0.292804	0.292590	0.293159	0.292707	0.293165	0.293278	0.292452	0.292493	0.292698	0.292464	0.292605	0.293799	0.293565	0.293792	0.294853	0.292398	0.292151	0.292919	0.292560	0.292020	0.292466	0.291591	0.000000	0.292509	0.291648	0.292284	0.298186	0.297194	0.295414	0.296149	0.295521	0.295602	0.292775	0.293535	0.293493	0.294403	0.292874	0.291463
371_CO_PLW  	0.293980	0.293578	0.293433	0.293323	0.293056	0.294287	0.294007	0.293757	0.293923	0.293434	0.294105	0.293945	0.293987	0.293840	0.293082	0.293302	0.293634	0.294421	0.293039	0.293366	0.293114	0.293648	0.292179	0.294233	0.294140	0.293663	0.294615	0.292029	0.291505	0.291669	0.291815	0.292124	0.291652	0.292302	0.292509	0.000000	0.291808	0.291958	0.298620	0.297611	0.295939	0.295700	0.295636	0.295231	0.293495	0.293536	0.294717	0.294708	0.292545	0.291030
372_CO_PLW  	0.293866	0.293945	0.293677	0.293310	0.293244	0.293971	0.293652	0.293901	0.294437	0.294023	0.294530	0.293436	0.293233	0.293316	0.293411	0.293734	0.293946	0.294084	0.293148	0.293164	0.292660	0.294177	0.291953	0.294725	0.294276	0.293825	0.294695	0.292070	0.291693	0.291316	0.292460	0.291968	0.292247	0.291389	0.291648	0.291808	0.000000	0.292359	0.297603	0.297709	0.295862	0.296311	0.295552	0.295496	0.294132	0.293602	0.294225	0.294804	0.292711	0.289953
373_CO_PLW  	0.293941	0.293616	0.293681	0.293439	0.294063	0.294595	0.294153	0.293513	0.293965	0.293692	0.293663	0.294252	0.293925	0.293636	0.293466	0.293255	0.294176	0.293769	0.293569	0.293471	0.293823	0.293323	0.292602	0.294725	0.293879	0.293411	0.294799	0.290853	0.291492	0.292112	0.292062	0.292147	0.292212	0.292457	0.292284	0.291958	0.292359	0.000000	0.298513	0.298368	0.295617	0.296690	0.295462	0.295381	0.293597	0.293567	0.294543	0.295490	0.293547	0.290770
374_CO_PLW  	0.300591	0.300601	0.301007	0.301701	0.300705	0.302084	0.301265	0.300622	0.301272	0.301226	0.301847	0.301868	0.301944	0.300974	0.300386	0.300459	0.300955	0.301620	0.300727	0.300744	0.300676	0.300743	0.297670	0.291231	0.290662	0.290736	0.289539	0.297569	0.298218	0.297566	0.297726	0.298352	0.298145	0.297928	0.298186	0.298620	0.297603	0.298513	0.000000	0.271569	0.286177	0.286184	0.285526	0.291584	0.293985	0.292061	0.289073	0.289756	0.295663	0.297810
376_CO_PLW  	0.300947	0.300420	0.300461	0.300646	0.300477	0.301474	0.300672	0.300428	0.300989	0.300376	0.301084	0.300947	0.301663	0.300236	0.300115	0.299526	0.300576	0.301418	0.300367	0.300674	0.300437	0.299988	0.297513	0.290712	0.290938	0.290748	0.288135	0.297337	0.296664	0.297038	0.297962	0.297099	0.297766	0.297215	0.297194	0.297611	0.297709	0.298368	0.271569	0.000000	0.284401	0.285110	0.286250	0.290306	0.293301	0.290524	0.287964	0.289577	0.294308	0.297491
377_CO_PLW  	0.298284	0.298212	0.298259	0.298187	0.298722	0.299385	0.298201	0.298275	0.298632	0.298285	0.298698	0.298919	0.299131	0.298021	0.297328	0.297475	0.298241	0.299487	0.297483	0.298189	0.298198	0.298491	0.294580	0.289170	0.287721	0.287556	0.285274	0.295119	0.295103	0.295040	0.295050	0.295099	0.295869	0.295355	0.295414	0.295939	0.295862	0.295617	0.286177	0.284401	0.000000	0.283679	0.284630	0.287067	0.290313	0.288574	0.286970	0.287114	0.292148	0.295603
379_CO_PLW  	0.299590	0.299800	0.300247	0.299607	0.299267	0.300197	0.300006	0.299753	0.300132	0.299994	0.300156	0.300179	0.300213	0.299178	0.299399	0.299489	0.299496	0.300514	0.299534	0.299456	0.298963	0.299498	0.295814	0.289449	0.288532	0.289738	0.287681	0.296092	0.295966	0.296217	0.296333	0.296100	0.296371	0.296519	0.296149	0.295700	0.296311	0.296690	0.286184	0.285110	0.283679	0.000000	0.282793	0.288323	0.291872	0.290019	0.288111	0.288706	0.292696	0.296118
380_CO_PLW  	0.298566	0.298509	0.299046	0.298602	0.298124	0.298904	0.298671	0.299032	0.299073	0.298502	0.299535	0.299462	0.298948	0.298474	0.298254	0.298519	0.298945	0.299542	0.298544	0.298325	0.298373	0.298403	0.295371	0.288981	0.288100	0.288507	0.286301	0.294829	0.295178	0.295288	0.295919	0.295251	0.295754	0.295713	0.295521	0.295636	0.295552	0.295462	0.285526	0.286250	0.284630	0.282793	0.000000	0.288548	0.290599	0.289275	0.287138	0.288159	0.293022	0.295600
381_CO_PLW  	0.297083	0.296840	0.297410	0.297661	0.297435	0.297650	0.297208	0.296621	0.297286	0.297209	0.297264	0.297498	0.298217	0.296709	0.297375	0.296948	0.297000	0.297822	0.296471	0.296719	0.296603	0.297124	0.295241	0.288431	0.286288	0.285467	0.285886	0.294276	0.295153	0.294679	0.294926	0.294648	0.295216	0.294741	0.295602	0.295231	0.295496	0.295381	0.291584	0.290306	0.287067	0.288323	0.288548	0.000000	0.290557	0.288638	0.286504	0.287412	0.291938	0.294807
382_CO_PLW  	0.293031	0.293151	0.293397	0.293568	0.293531	0.294535	0.293614	0.293623	0.294096	0.293654	0.294427	0.294585	0.294828	0.293611	0.293483	0.293673	0.294285	0.294432	0.293441	0.293382	0.293973	0.293777	0.293114	0.289254	0.289501	0.289593	0.289331	0.293156	0.292616	0.292816	0.293353	0.293083	0.293284	0.292828	0.292775	0.293495	0.294132	0.293597	0.293985	0.293301	0.290313	0.291872	0.290599	0.290557	0.000000	0.288595	0.289641	0.289851	0.289930	0.293380
383_CO_PLW  	0.294177	0.293635	0.294372	0.294167	0.294136	0.295075	0.294704	0.294171	0.294270	0.294153	0.294273	0.294520	0.295377	0.293795	0.293741	0.293455	0.294144	0.295093	0.293352	0.294541	0.294480	0.294499	0.293386	0.287157	0.286927	0.287901	0.288052	0.293296	0.293146	0.292581	0.293364	0.293410	0.293765	0.293349	0.293535	0.293536	0.293602	0.293567	0.292061	0.290524	0.288574	0.290019	0.289275	0.288638	0.288595	0.000000	0.287866	0.287758	0.290157	0.293449
384_CO_PLW  	0.295664	0.296197	0.296001	0.296159	0.296107	0.297041	0.296758	0.295543	0.296173	0.296343	0.296868	0.296245	0.296921	0.295690	0.295763	0.295700	0.296803	0.296415	0.295413	0.295613	0.296120	0.295915	0.294678	0.288199	0.287190	0.286812	0.285132	0.293750	0.293614	0.293362	0.294218	0.293809	0.294278	0.293888	0.293493	0.294717	0.294225	0.294543	0.289073	0.287964	0.286970	0.288111	0.287138	0.286504	0.289641	0.287866	0.000000	0.286090	0.291185	0.294080
385_CO_PLW  	0.296173	0.296579	0.296996	0.296591	0.296086	0.296855	0.296428	0.296715	0.297259	0.296890	0.296970	0.296608	0.297892	0.296797	0.295842	0.295874	0.296325	0.297421	0.295725	0.296676	0.296989	0.296522	0.294414	0.288366	0.287299	0.287438	0.286464	0.294025	0.294895	0.294089	0.294652	0.294073	0.294664	0.294740	0.294403	0.294708	0.294804	0.295490	0.289756	0.289577	0.287114	0.288706	0.288159	0.287412	0.289851	0.287758	0.286090	0.000000	0.290669	0.294515
402_CO_PLW  	0.292993	0.292833	0.293227	0.293443	0.293048	0.293562	0.293308	0.293292	0.292911	0.293522	0.294061	0.293563	0.293248	0.292368	0.293113	0.292607	0.292617	0.293836	0.293055	0.292560	0.292849	0.292834	0.293193	0.291254	0.290218	0.290520	0.291348	0.293522	0.292938	0.292824	0.293621	0.293427	0.293597	0.293001	0.292874	0.292545	0.292711	0.293547	0.295663	0.294308	0.292148	0.292696	0.293022	0.291938	0.289930	0.290157	0.291185	0.290669	0.000000	0.292748
403_CO_PLW  	0.293350	0.293578	0.293664	0.293520	0.292953	0.294126	0.293435	0.293584	0.293403	0.293758	0.293938	0.293098	0.292938	0.292372	0.293113	0.293221	0.293491	0.293004	0.293259	0.293054	0.291951	0.293619	0.291829	0.294263	0.294166	0.292947	0.294470	0.291200	0.291509	0.291933	0.292087	0.292020	0.291631	0.292019	0.291463	0.291030	0.289953	0.290770	0.297810	0.297491	0.295603	0.296118	0.295600	0.294807	0.293380	0.293449	0.294080	0.294515	0.292748	0.000000
