0.000010 0.999910 0.000010 0.000010 0.000010 0.000010 0.000010 0.000010 0.000010 0.000010
0.012684 0.188850 0.000010 0.000010 0.004288 0.023732 0.637350 0.000010 0.133057 0.000010
0.013912 0.218291 0.000010 0.000010 0.000010 0.019395 0.594064 0.000010 0.154288 0.000010
0.000010 0.235153 0.000010 0.000010 0.000010 0.000010 0.764767 0.000010 0.000010 0.000010
0.000010 0.244068 0.000010 0.000010 0.000010 0.000010 0.755852 0.000010 0.000010 0.000010
0.000010 0.000010 0.000010 0.000010 0.000010 0.000010 0.999910 0.000010 0.000010 0.000010
0.000010 0.000010 0.000010 0.000010 0.000010 0.000010 0.999910 0.000010 0.000010 0.000010
0.000010 0.000010 0.000010 0.000010 0.000010 0.000010 0.999910 0.000010 0.000010 0.000010
0.000010 0.232531 0.000010 0.000010 0.000010 0.000010 0.767389 0.000010 0.000010 0.000010
0.000010 0.999910 0.000010 0.000010 0.000010 0.000010 0.000010 0.000010 0.000010 0.000010
0.000010 0.000010 0.000010 0.000010 0.000010 0.000010 0.999910 0.000010 0.000010 0.000010
0.000010 0.000010 0.000010 0.000010 0.000010 0.000010 0.999910 0.000010 0.000010 0.000010
0.000010 0.199480 0.000010 0.111222 0.000010 0.000010 0.689228 0.000010 0.000010 0.000010
0.000010 0.000010 0.000010 0.000010 0.999910 0.000010 0.000010 0.000010 0.000010 0.000010
0.016184 0.184120 0.000010 0.046421 0.038776 0.058235 0.476883 0.015470 0.155965 0.007935
0.000010 0.000010 0.000010 0.000010 0.000010 0.999910 0.000010 0.000010 0.000010 0.000010
0.999910 0.000010 0.000010 0.000010 0.000010 0.000010 0.000010 0.000010 0.000010 0.000010
0.000010 0.000010 0.000010 0.000010 0.000010 0.000010 0.999910 0.000010 0.000010 0.000010
0.016147 0.207930 0.000010 0.000010 0.018042 0.046895 0.586921 0.000010 0.124024 0.000010
0.000010 0.999910 0.000010 0.000010 0.000010 0.000010 0.000010 0.000010 0.000010 0.000010
0.000010 0.000010 0.000010 0.999910 0.000010 0.000010 0.000010 0.000010 0.000010 0.000010
0.000010 0.999910 0.000010 0.000010 0.000010 0.000010 0.000010 0.000010 0.000010 0.000010
0.005434 0.000010 0.000010 0.118099 0.005671 0.048998 0.220802 0.159163 0.360556 0.081257
0.000010 0.000010 0.000010 0.000010 0.000010 0.000010 0.000010 0.000010 0.000010 0.999910
0.000010 0.000010 0.000010 0.000010 0.000010 0.000010 0.000010 0.999910 0.000010 0.000010
0.000010 0.000010 0.000010 0.000010 0.000010 0.000010 0.000010 0.999910 0.000010 0.000010
0.000010 0.000010 0.032608 0.000010 0.000010 0.000010 0.000010 0.649783 0.000010 0.317539
0.003076 0.000010 0.000010 0.096522 0.028198 0.058739 0.250500 0.118538 0.358210 0.086198
0.000010 0.000012 0.000013 0.000010 0.000010 0.999906 0.000010 0.000010 0.000010 0.000010
0.000010 0.000010 0.000010 0.000010 0.000010 0.000010 0.000010 0.000010 0.999910 0.000010
0.003999 0.000010 0.002204 0.092282 0.016578 0.073850 0.228236 0.143472 0.381003 0.058367
0.004150 0.000010 0.002000 0.095833 0.007032 0.066205 0.246433 0.127412 0.371324 0.079601
0.003216 0.000010 0.000010 0.091672 0.000010 0.079326 0.211170 0.133052 0.422047 0.059488
0.000010 0.000010 0.000010 0.000010 0.000010 0.000010 0.000010 0.000010 0.999910 0.000010
0.000010 0.000010 0.000010 0.000010 0.000010 0.000010 0.000013 0.000010 0.999907 0.000010
0.001620 0.036545 0.000010 0.128652 0.001921 0.064691 0.196246 0.113057 0.367130 0.090127
0.000010 0.000010 0.000010 0.999909 0.000010 0.000010 0.000010 0.000010 0.000011 0.000010
0.000010 0.000011 0.000010 0.000010 0.000012 0.000011 0.000010 0.000010 0.999907 0.000010
0.000010 0.000010 0.000010 0.000010 0.000010 0.000010 0.000010 0.000010 0.000010 0.999910
0.000010 0.000010 0.000010 0.000010 0.000010 0.000010 0.000010 0.000010 0.000010 0.999910
0.000010 0.000010 0.000010 0.000010 0.000010 0.000010 0.000010 0.999910 0.000010 0.000010
0.000010 0.000010 0.000010 0.000010 0.000010 0.000010 0.000010 0.399543 0.000010 0.600377
0.000010 0.000010 0.000010 0.000010 0.000010 0.000010 0.000010 0.000010 0.000010 0.999910
0.000010 0.000010 0.000010 0.000010 0.000010 0.000010 0.000010 0.999910 0.000010 0.000010
0.000010 0.072395 0.018493 0.040512 0.043475 0.026310 0.152929 0.288816 0.177011 0.180050
0.002571 0.000010 0.028233 0.028947 0.054311 0.023578 0.160069 0.358390 0.128129 0.215762
0.000010 0.000010 0.999904 0.000016 0.000010 0.000010 0.000010 0.000010 0.000010 0.000010
0.000010 0.000015 0.000010 0.000010 0.999897 0.000010 0.000010 0.000017 0.000010 0.000010
0.012012 0.076110 0.012828 0.081246 0.054289 0.029540 0.192190 0.244849 0.166159 0.130778
0.000010 0.000010 0.000014 0.999905 0.000010 0.000011 0.000010 0.000010 0.000010 0.000010
